// TEST AREA should not be loaded
- default 0
// the hub room
- 30 30 34 34 1
10 1000 1000
5 1010 1010
16 1000 1040
17 1040 1040
3 1040 1000
// the wheat field
- 23 32 29 32 2
- 18 30 22 34 1
24 690 1080
24 690 1070
24 690 1060
24 690 1050
24 690 1040
24 690 1030
24 690 1020
24 690 1010
24 690 1000
24 680 1080
24 680 1070
24 680 1060
24 680 1050
24 680 1040
24 680 1030
24 680 1020
24 680 1010
24 680 1000
24 670 1080
24 670 1070
24 670 1060
24 670 1050
24 670 1040
24 670 1030
24 670 1020
24 670 1010
24 670 1000
24 660 1080
24 660 1070
24 660 1060
24 660 1050
24 660 1040
24 660 1030
24 660 1020
24 660 1010
24 660 1000
24 650 1080
24 650 1070
24 650 1060
24 650 1050
24 650 1040
24 650 1030
24 650 1020
24 650 1010
24 650 1000
24 640 1080
24 640 1070
24 640 1060
24 640 1050
24 640 1040
24 640 1030
24 640 1020
24 640 1010
24 640 1000
24 630 1080
24 630 1070
24 630 1060
24 630 1050
24 630 1040
24 630 1030
24 630 1020
24 630 1010
24 630 1000
24 620 1080
24 620 1070
24 620 1060
24 620 1050
24 620 1040
24 620 1030
24 620 1020
24 620 1010
24 620 1000
24 610 1080
24 610 1070
24 610 1060
24 610 1050
24 610 1040
24 610 1030
24 610 1020
24 610 1010
24 610 1000
// the house: to be fully implemented soon
- 32 35 32 37 2
- 30 38 34 42 1
